079782
098598
005257
002441
014564
017873
063520
086277
053082
018975
080020
030207
019181
041432
044493
039799
123550
043606
002473
002665
025884
002642
041488
000697
002855
044122
017727
005259
037077
062455
003801
033603
044757
039757
025794
004210
018130
035001
006610
132529
122811
062860
007004
108215
017138
058456
079764
123263
048931
125684
039788
032264
002125
039873
129012
097039
102327
019209
121800
034859
090453
039618
133524
093090
003542
072618
132828
011139
086310
028935
129349
037703
038858
005883
011760
069780
133138
059266
000202
083940
002455
023051
120841
095792
019722
028218
000747
062393
044518
065582
084663
132713
012145
132719
064866
039651
081660
013924
011101
076473
132406
024653
123392
091396
017593
076211
005721
004324
024867
044751
038298
123987
028661
013914
062922
041043
002031
086317
018984
040075
040215
038774
014531
022158
017798
052499
033523
130625
032404
037849
089546
012699
079699
038420
000827
125533
038350
020412
000017
011068
005337
003560
038299
127985
084382
042844
042881
059186
002076
039828
089572
129197
017878
095798
003739
019766
002129
042841
007831
025441
027967
125314
038691
133466
024486
019576
044736
132264
132671
018405
037688
023758
000649
018407
003564
129090
042676
034814
014058
089549
037340
047270
067884
039933
033432
131404
124124
132667
063143
017736
042525
001923
007899
109334
063844
038570
132483
086466
003928
011771
130632
020716
044541
023924
132372
034476
132263
044448
057271
001807
000486
040966
014036
003332
000214
098013
037367
076797
005346
007017
023939
003378
081948
121586
000181
021430
121608
017875
037356
130569
125115
008572
023931
040729
072527
064316
034804
021382
037515
081942
023894
039704
128911
042843
132824
016028
081960
002030
028454
000394
002466
021759
070782
041956
025247
044451
037341
037294
020363
019568
018973
132339
002877
018097
083586
002407
106831
023987
020221
079755
023726
011965
037130
068157
044306
076524
040474
014168
012121
039783
124224
026453
040965
003998
081634
040713
132100
039801
018397
037425
090013
037710
037371
081966
081969
032369
017254
027968
019578
025280
048246
028644
005713
025259
068917
074482
030214
005365
037138
023970
043088
133621
000059
033657
098517
046917
132832
020281
055460
063377
020720
037361
091398
054566
029683
132830
095789
037078
037335
039785
008563
077719
000911
074517
037072
020239
113066
098621
035548
018782
039902
081970
098087
128968
001668
014789
019498
051412
001009
007196
086419
002468
000186
081700
043006
091391
023999
040969
024995
053270
037513
017013
038565
033717
018406
128994
123529
044546
126103
097042
132467
001052
041957
003167
034213
037790
122723
037508
132823
000184
043153
020608
080604
041752
005421
000722
004212
016733
068877
131883
086558
132723
127547
059818
006619
040850
079762
084404
132320
082549
002864
059188
000001
018095
008405
083963
007634
076300
133701
042870
078240
029372
132146
019746
015456
027894
058700
040904
017139
123779
123397
023706
071114
035429
027040
001857
003460
132696
017721
035547
129453
034448
116584
068098
041751
123676
038680
095783
019094
024650
023751
016373
002447
089574
007579
041541
041744
014463
086284
078693
000954
125118
024182
006752
133572
033551
034839
019083
040910
127613
000183
000522
016367
002358
023715
017149
016840
005682
083939
028892
042842
086561
037768
019566
021879
082380
025338
129015
133088
037856
025437
132838
034222
040142
033439
008564
000645
038741
037581
006860
021897
054380
042847
132229
000940
042672
073739
005813
090276
037142
125825
025443
025043
132826
040828
018783
019190
019060
075619
093691
062632
022386
053892
021888
023759
024172
129207
037697
010777
037076
003373
020494
027965
034525
062364
127042
008410
028148
014788
019718
023708
127020
017894
125201
132051
130524
039786
005125
024177
011091
021270
002607
086339
037284
037764
008752
034296
019588
003522
026432
008286
082842
037266
001017
010779
034478
037705
068019
002028
089557
078480
021914
065155
003198
039898
020506
019860
058712
054653
086276
017733
041097
026662
019831
032352
078438
004449
018400
019869
075854
034812
090022
041095
092629
023867
040918
004912
034522
086501
046912
041655
132516
037795
090461
023806
077402
038281
097341
028205
018794
020994
003492
027577
014270
017122
086443
077720
063995
020151
113087
071367
039813
023760
007066
130535
003609
039961
025168
023913
019781
000928
002541
001939
082956
003636
055481
007820
070833
000676
038379
003524
016571
017876
017198
023816
044519
057415
004992
037860
128872
021743
043919
045365
038773
021892
040911
132111
023683
038290
133694
007828
124100
055580
020276
057357
028997
071366
033716
042704
078288
033349
084403
059529
037424
001925
023764
062999
132178
025920
021251
018985
000700
133566
041652
130492
059526
132405
001938
028754
086309
019861
108210
084373
073366
132384
065487
040853
023895
017877
040003
111414
028652
043726
027889
063003
000724
000925
046929
014041
018996
040858
043722
016569
034858
049459
020952
029588
132104
042709
129107
000323
042675
131662
002071
079758
133594
016794
081695
024507
017846
045377
073465
011069
034677
019454
022695
000874
105522
008565
037275
086560
000077
033388
003521
082843
068414
079021
045851
078469
002860
062391
086505
034866
042849
020306
023768
007104
124585
003355
034207
079018
066345
019716
037365
028987
016839
044001
001014
038329
037554
039766
038332
020050
042880
007631
082553
034432
037274
019596
005235
036952
000004
024703
003540
037144
005664
133523
040848
132669
032142
020267
024712
062926
017890
045733
115500
037578
023754
010780
004514
014563
001201
033724
017082
000644
129293
042185
028668
082378
037069
017008
039986
010256
113068
019711
000958
017799
062870
000660
023778
072602
003897
077400
037857
037271
002033
016553
132722
124237
034593
002020
002442
059458
000557
025348
056300
005716
008267
024709
037418
003170
132683
128998
037373
039868
021733
071121
038675
001205
066653
072385
108045
091399
021256
086413
033823
077703
039960
004145
038791
016568
037660
045566
034841
037322
125711
003525
051214
080033
037863
001054
024173
073300
098151
016732
132408
028657
014269
012146
133134
006596
077947
033528
082385
038089
023673
037859
080014
041958
034861
000050
017033
040829
016019
036954
024815
019097
008798
003937
010364
033536
085388
039950
044741
017588
000826
077762
129359
023767
008338
020487
127199
076596
127288
000097
007232
086300
020158
019091
043333
016022
081622
098901
133207
019797
091395
028994
038283
027228
037012
018939
043151
086302
029000
132766
132080
037434
084371
093847
072387
002388
033517
043497
096950
123073
011845
034819
121595
127314
019583
025367
059332
027400
009333
039661
024875
002025
037281
001135
012533
128881
000642
007010
000353
038771
068093
016554
008577
025674
044500
016778
023866
129035
026472
000677
030204
000167
044272
066368
024994
133804
131944
005353
133880
018992
037265
095778
129254
038639
005351
132795
128600
037855
132822
044558
089714
040885
004250
000634
028427
058766
014930
040881
044511
132799
027610
076894
027907
041959
004375
132889
079767
063172
027608
038426
039811
000641
011193
024879
113097
019213
097515
133868
000831
016472
070339
086189
037667
130496
062366
132718
000675
044439
038792
011133
037339
017193
124209
029295
041590
044058
068074
000025
002721
037762
038291
025133
023908
001094
020265
014633
001953
080009
042877
033746
039839
024498
039149
019771
018980
034838
000023
086412
043019
113071
017201
001158
017880
002205
090275
000116
039987
037005
083521
020284
132798
030212
024094
123632
082545
043922
010793
029304
129196
001443
086479
024704
052464
038676
043258
018991
077486
062299
071904
042838
032047
024320
127010
131436
033775
025044
123527
080602
044515
045570
014715
057276
046289
034678
096952
058711
039763
078702
075691
026819
037280
025136
004966
132409
044507
081673
000046
063083
041748
083945
125737
034796
018412
112338
081477
039784
040854
091393
000661
025139
014268
030478
052626
018374
083587
038317
038311
130494
037615
044009
000086
067358
005938
043011
005674
015939
043607
062317
081668
124042
000679
039959
081961
002404
000094
043016
018974
013272
020234
123718
127974
063049
057493
010824
020486
027868
016551
081648
037766
133173
017120
020691
028992
023937
037073
026289
077701
119727
040715
123294
020999
017895
084405
022032
131313
062395
095797
132678
048159
029881
000485
037015
059213
023666
003498
070776
034808
027945
119345
041540
038321
003638
111160
019723
132705
016726
003001
044743
050796
004508
014266
068454
042671
024218
062923
059528
029871
038738
036390
034815
019592
000002
051478
008427
019799
019109
020261
000648
008327
132712
046206
028485
040732
098914
016366
113054
017548
100066
020366
084384
133462
008576
032143
043334
038323
132230
065580
028653
000236
094830
066352
019891
037320
039867
011769
055636
033614
001343
033440
002458
049888
097530
070837
001704
003221
002618
016842
018998
038192
000048
008802
042839
009180
012437
019764
095247
017921
032158
026007
037723
027404
017847
062302
064845
026628
027913
132953
007830
077953
023996
037368
098252
039780
000005
044618
003900
038349
008966
019571
125471
098651
019599
000332
017014
000640
037848
034442
016025
005348
014572
014175
001860
018375
077677
038368
034306
000189
132365
007040
076463
019775
000699
001703
075617
019501
037343
002204
034803
065929
042703
028296
008211
106417
040916
000334
034797
095813
000909
021972
099338
051299
132256
089381
081556
019574
039800
133416
027613
002610
039148
068296
128608
038319
016473
023836
058524
039816
024179
019099
065588
001013
003533
016789
041837
005719
017196
001698
005347
000294
017132
036198
065040
130634
044436
017741
044100
027918
023681
076475
039823
068089
016202
041746
041096
091010
062864
041374
023632
025836
117006
019089
048507
056063
132896
037016
080034
020155
045561
064855
005341
024982
005145
016844
133871
017147
064888
046924
037366
046216
025952
013375
019580
040906
132808
027563
041793
010782
002199
023875
002445
002643
021358
042708
039848
132479
001024
037013
131509
068052
057236
030561
043730
132670
000650
005711
125794
132691
018408
037007
001168
003968
097496
130667
000512
023052
039617
099225
027919
063281
086303
017129
038177
082551
081959
034805
065585
125336
044838
020288
036381
000920
003588
124111
014393
086463
033239
043704
062303
128873
001702
082389
132048
013224
016375
058696
033195
011329
038178
123088
076457
057417
086477
132748
057460
049104
050628
027346
038737
028993
024010
000678
078439
027930
020616
098039
083516
125096
021037
037128
023975
058594
033772
046506
042535
034818
014472
068084
128671
043634
040731
037019
040211
000314
042694
019763
132895
044517
002464
005104
003943
000658
000742
034836
121842
133482
019443
081355
000106
132515
019098
037364
019118
028647
132401
039827
037858
017724
123256
004208
046921
044756
044626
102374
039758
124455
070336
033390
011628
132396
123385
037862
034314
132809
019088
023927
132805
017009
018411
063741
012520
037355
132105
095819
078243
073864
082374
015490
091003
076302
046184
000936
016469
128710
019111
001097
016790
107767
068868
025670
127059
033438
018885
008547
044308
000006
086260
039789
002408
017872
031847
079123
032303
004306
113060
133875
123634
125612
130505
038681
084665
037354
057274
097075
094085
086441
125388
034134
133521
019582
041656
129016
037372
000441
012632
001007
003263
035034
004214
025456
039825
113084
028646
001498
067583
025415
064993
075031
086551
039965
016999
027354
006608
002722
002444
034302
037510
007823
003945
017000
132688
065926
041366
005345
015863
014037
025680
120864
018970
037609
128700
083546
040905
017739
129151
027727
020345
080015
028889
038289
039649
025671
122792
102413
021366
029877
128862
019573
014698
037129
068076
012149
075386
109184
064886
027602
002389
030585
008326
019191
032137
064099
014279
121640
038302
043917
004700
095237
042706
128868
063748
038086
075855
024503
064856
076338
068445
028660
017252
129111
043143
038372
096912
028656
124141
037326
016016
020242
132760
025011
037229
132394
003561
037287
037701
008212
018376
081946
079781
073771
037694
000047
040141
021765
003590
017844
025390
130631
014045
028628
092343
073433
024509
020207
045675
018883
005356
013154
039931
034595
001831
021757
064844
079366
046904
132395
018884
132827
020120
002471
034428
000093
094070
004359
132248
019836
014571
017146
037864
000158
027915
083545
132721
042872
027916
056149
063378
014918
125101
025049
064084
067814
020283
040976
000739
075976
076895
019084
039814
027782
037014
004739
023775
024759
026090
038375
003566
000156
018096
068024
000218
023942
034822
042871
130546
037039
036201
037139
084378
025246
053631
037861
049907
076800
019761
039790
081553
125733
000517
030471
038567
077490
017855
040000
037342
012626
089378
003813
033464
127337
000306
037143
043608
037658
090462
004283
132179
124088
021744
027148
132245
067886
041105
108254
039826
131249
041434
039874
034214
032075
046513
038855
132244
009223
000003
024706
132715
038743
063382
075074
023653
102202
037010
059565
084397
026818
083548
037328
029741
017579
000943
003627
004216
090171
014802
059110
132954
085970
076205
062579
123678
005722
054718
000398
123277
121581
008581
000118
016371
133615
064869
128867
038326
037730
037765
019863
038768
043474
017891
023776
037331
062305
034068
028666
002438
038367
010681
065221
083935
045158
057412
003165
132175
000165
019459
065029
083938
039847
057277
035425
000217
000945
027917
070330
023680
017893
037924
038284
000045
132697
073937
054795
063524
003330
025341
016834
008333
026272
002026
017545
005799
037928
043453
024794
065486
081698
083937
023804
132790
040973
025172
007250
043090
024217
033651
037693
129677
016833
130718
000309
086418
018789
018880
063446
019092
013873
006445
022696
035124
046211
005340
002450
027964
020407
037067
038334
080008
000737
005349
042690
045366
095803
038856
057353
046930
019598
005040
054602
003632
063397
037614
132931
025129
127176
017580
030994
038293
034837
132078
038314
003258
018129
002360
042840
079016
000461
004209
063373
042528
000204
008407
017203
042710
039842
064901
023943
038282
070839
128887
001285
027875
025047
007705
003967
039719
039761
026475
037851
045128
130636
041951
129256
044556
019748
016027
068097
043331
017006
132566
004379
086470
037357
078479
066362
043169
098136
009330
127440
009175
043705
012633
044768
042878
034854
039999
033653
036765
024683
016843
004659
006830
037075
028642
024870
095820
041102
000261
048865
081479
019765
001647
024039
056094
019095
131447
133474
003499
027618
132593
067812
062369
065574
068021
025167
128985
000544
036763
023504
038638
043790
034520
005457
000024
027394
046292
128663
132034
033605
019065
044659
023947
000009
098052
031857
032536
133783
083523
000175
038370
040822
132377
132829
132010
002200
094837
128730
125334
065791
018879
023703
019789
024996
081547
072649
040819
028667
024379
068446
025778
029668
040079
051424
023723
003563
132833
045948
019581
037919
113058
018981
076209
064847
023587
017888
132673
010840
040004
084668
007006
063210
032154
039667
123286
056222
058973
000329
044011
005035
038377
000484
008210
020052
091394
039779
019579
044498
068092
037193
000553
009720
006857
038318
077674
034868
042296
007719
043613
021334
005343
001233
086334
033436
052465
003169
027776
131443
040727
081478
034670
000016
033722
077839
133417
078447
132837
124599
133614
000659
017887
027381
012147
090175
004236
117087
124864
019784
046922
014923
132807
038788
017541
000098
039782
037557
034436
129059
043170
079012
128997
038427
108206
037929
037131
006128
027724
002196
037579
029238
037332
123116
041093
133547
002867
064590
019211
031378
038690
125597
000723
017012
132362
028498
017002
091400
005720
077680
000673
003493
019724
000957
086481
037853
132389
042423
123314
038694
128255
023667
003457
131278
002528
123303
023590
059563
000095
018377
038902
048862
017732
131927
068465
077722
094071
076897
044497
057804
037847
038678
037923
130545
020274
078477
064846
023905
068452
023719
032444
003687
000090
001445
039850
002391
038735
062928
003610
019870
027609
005862
099349
113096
000459
012634
043467
017549
129080
017031
038640
014057
028898
128071
024583
037715
043144
064979
023713
130503
044506
036424
103745
034472
002390
034810
033610
090174
040909
037074
130493
006446
016788
019171
003565
039836
002021
037423
037763
025661
039792
034862
128996
072652
133877
019600
096686
081486
038315
041944
123279
017848
027844
048047
073858
077706
037288
039822
041840
028869
024987
002454
038861
040889
038693
108980
059263
010859
044103
021055
039876
019086
132411
056059
010374
117068
079780
019107
039988
033453
032152
039895
037140
000805
021433
043787
041042
132013
001440
002102
003152
023752
024378
091401
043725
017723
037066
004330
018977
041372
027911
041952
108054
094839
018098
020309
029568
038304
003199
079770
030005
123838
010770
024999
037917
039985
001452
000115
042529
113070
026466
082372
127439
056052
125802
057350
020163
004754
127169
037850
000296
045574
059376
133869
022461
078482
041946
066364
008956
082386
017542
003268
040913
057360
124092
025140
034895
067304
019597
017200
039958
128676
034497
005734
102200
039771
063807
033386
040337
040902
014498
072617
125340
037610
036814
018937
086557
